top300_highly_variable_genes_sample_1<- c('GRCh38_ENSG00000169962',
                                 'GRCh38_ENSG00000171819',
                                 'GRCh38_ENSG00000236963',
                                 'GRCh38_ENSG00000158825',
                                 'GRCh38_ENSG00000233396',
                                 'GRCh38_ENSG00000143183',
                                 'GRCh38_ENSG00000225826',
                                 'GRCh38_ENSG00000135824',
                                 'GRCh38_ENSG00000224260',
                                 'GRCh38_ENSG00000286719',
                                 'GRCh38_ENSG00000286109',
                                 'GRCh38_ENSG00000198104',
                                 'GRCh38_ENSG00000237667',
                                 'GRCh38_ENSG00000285569',
                                 'GRCh38_ENSG00000286427',
                                 'GRCh38_ENSG00000068781',
                                 'GRCh38_ENSG00000287875',
                                 'GRCh38_ENSG00000271889',
                                 'GRCh38_ENSG00000124380',
                                 'GRCh38_ENSG00000234028',
                                 'GRCh38_ENSG00000287686',
                                 'GRCh38_ENSG00000235597',
                                 'GRCh38_ENSG00000286225',
                                 'GRCh38_ENSG00000150722',
                                 'GRCh38_ENSG00000232125',
                                 'GRCh38_ENSG00000173705',
                                 'GRCh38_ENSG00000172995',
                                 'GRCh38_ENSG00000232354',
                                 'GRCh38_ENSG00000075914',
                                 'GRCh38_ENSG00000272573',
                                 'GRCh38_ENSG00000271976',
                                 'GRCh38_ENSG00000121440',
                                 'GRCh38_ENSG00000177707',
                                 'GRCh38_ENSG00000163617',
                                 'GRCh38_ENSG00000286827',
                                 'GRCh38_ENSG00000287645',
                                 'GRCh38_ENSG00000241231',
                                 'GRCh38_ENSG00000234238',
                                 'GRCh38_ENSG00000187527',
                                 'GRCh38_ENSG00000272936',
                                 'GRCh38_ENSG00000153132',
                                 'GRCh38_ENSG00000251584',
                                 'GRCh38_ENSG00000254138',
                                 'GRCh38_ENSG00000228716',
                                 'GRCh38_ENSG00000237187',
                                 'GRCh38_ENSG00000251187',
                                 'GRCh38_ENSG00000213316',
                                 'GRCh38_ENSG00000261071',
                                 'GRCh38_ENSG00000204421',
                                 'GRCh38_ENSG00000274259',
                                 'GRCh38_ENSG00000171462',
                                 'GRCh38_ENSG00000118402',
                                 'GRCh38_ENSG00000111886',
                                 'GRCh38_ENSG00000203778',
                                 'GRCh38_ENSG00000227723',
                                 'GRCh38_ENSG00000111961',
                                 'GRCh38_ENSG00000131019',
                                 'GRCh38_ENSG00000105855',
                                 'GRCh38_ENSG00000105997',
                                 'GRCh38_ENSG00000229893',
                                 'GRCh38_ENSG00000223813',
                                 'GRCh38_ENSG00000259826',
                                 'GRCh38_ENSG00000242265',
                                 'GRCh38_ENSG00000242154',
                                 'GRCh38_ENSG00000224138',
                                 'GRCh38_ENSG00000146857',
                                 'GRCh38_ENSG00000104763',
                                 'GRCh38_ENSG00000286542',
                                 'GRCh38_ENSG00000254034',
                                 'GRCh38_ENSG00000253821',
                                 'GRCh38_ENSG00000287127',
                                 'GRCh38_ENSG00000253712',
                                 'GRCh38_ENSG00000254231',
                                 'GRCh38_ENSG00000286122',
                                 'GRCh38_ENSG00000042832',
                                 'GRCh38_ENSG00000286162',
                                 'GRCh38_ENSG00000286840',
                                 'GRCh38_ENSG00000260995',
                                 'GRCh38_ENSG00000130956',
                                 'GRCh38_ENSG00000244757',
                                 'GRCh38_ENSG00000167103',
                                 'GRCh38_ENSG00000231964',
                                 'GRCh38_ENSG00000233144',
                                 'GRCh38_ENSG00000237523',
                                 'GRCh38_ENSG00000155265',
                                 'GRCh38_ENSG00000254827',
                                 'GRCh38_ENSG00000188124',
                                 'GRCh38_ENSG00000254860',
                                 'GRCh38_ENSG00000254418',
                                 'GRCh38_ENSG00000254453',
                                 'GRCh38_ENSG00000254734',
                                 'GRCh38_ENSG00000281880',
                                 'GRCh38_ENSG00000286626',
                                 'GRCh38_ENSG00000255388',
                                 'GRCh38_ENSG00000214782',
                                 'GRCh38_ENSG00000251562',
                                 'GRCh38_ENSG00000137474',
                                 'GRCh38_ENSG00000254551',
                                 'GRCh38_ENSG00000255121',
                                 'GRCh38_ENSG00000286341',
                                 'GRCh38_ENSG00000183150',
                                 'GRCh38_ENSG00000205754',
                                 'GRCh38_ENSG00000029153',
                                 'GRCh38_ENSG00000167767',
                                 'GRCh38_ENSG00000170426',
                                 'GRCh38_ENSG00000257453',
                                 'GRCh38_ENSG00000257398',
                                 'GRCh38_ENSG00000110887',
                                 'GRCh38_ENSG00000286067',
                                 'GRCh38_ENSG00000236444',
                                 'GRCh38_ENSG00000174032',
                                 'GRCh38_ENSG00000136147',
                                 'GRCh38_ENSG00000226037',
                                 'GRCh38_ENSG00000258908',
                                 'GRCh38_ENSG00000259104',
                                 'GRCh38_ENSG00000258520',
                                 'GRCh38_ENSG00000286607',
                                 'GRCh38_ENSG00000245975',
                                 'GRCh38_ENSG00000260274',
                                 'GRCh38_ENSG00000203392',
                                 'GRCh38_ENSG00000140538',
                                 'GRCh38_ENSG00000263280',
                                 'GRCh38_ENSG00000102891',
                                 'GRCh38_ENSG00000261838',
                                 'GRCh38_ENSG00000260466',
                                 'GRCh38_ENSG00000214978',
                                 'GRCh38_ENSG00000263603',
                                 'GRCh38_ENSG00000214546',
                                 'GRCh38_ENSG00000266208',
                                 'GRCh38_ENSG00000154262',
                                 'GRCh38_ENSG00000186074',
                                 'GRCh38_ENSG00000267677',
                                 'GRCh38_ENSG00000206075',
                                 'GRCh38_ENSG00000089847',
                                 'GRCh38_ENSG00000267980',
