top300_highly_variable_genes_sample_2 <- c('GRCh38_ENSG00000223764',
                                  'GRCh38_ENSG00000142599',
                                  'GRCh38_ENSG00000230679',
                                  'GRCh38_ENSG00000127483',
                                  'GRCh38_ENSG00000227868',
                                  'GRCh38_ENSG00000287510',
                                  'GRCh38_ENSG00000121769',
                                  'GRCh38_ENSG00000142910',
                                  'GRCh38_ENSG00000163874',
                                  'GRCh38_ENSG00000260920',
                                  'GRCh38_ENSG00000117472',
                                  'GRCh38_ENSG00000081985',
                                  'GRCh38_ENSG00000273221',
                                  'GRCh38_ENSG00000171385',
                                  'GRCh38_ENSG00000224481',
                                  'GRCh38_ENSG00000185499',
                                  'GRCh38_ENSG00000225855',
                                  'GRCh38_ENSG00000163479',
                                  'GRCh38_ENSG00000253831',
                                  'GRCh38_ENSG00000162729',
                                  'GRCh38_ENSG00000224985',
                                  'GRCh38_ENSG00000143183',
                                  'GRCh38_ENSG00000135837',
                                  'GRCh38_ENSG00000150681',
                                  'GRCh38_ENSG00000203721',
                                  'GRCh38_ENSG00000143839',
                                  'GRCh38_ENSG00000240219',
                                  'GRCh38_ENSG00000136628',
                                  'GRCh38_ENSG00000203685',
                                  'GRCh38_ENSG00000179456',
                                  'GRCh38_ENSG00000138073',
                                  'GRCh38_ENSG00000228384',
                                  'GRCh38_ENSG00000115523',
                                  'GRCh38_ENSG00000272902',
                                  'GRCh38_ENSG00000153208',
                                  'GRCh38_ENSG00000286778',
                                  'GRCh38_ENSG00000231079',
                                  'GRCh38_ENSG00000230991',
                                  'GRCh38_ENSG00000144355',
                                  'GRCh38_ENSG00000204262',
                                  'GRCh38_ENSG00000182329',
                                  'GRCh38_ENSG00000233143',
                                  'GRCh38_ENSG00000114923',
                                  'GRCh38_ENSG00000077097',
                                  'GRCh38_ENSG00000114812',
                                  'GRCh38_ENSG00000175697',
                                  'GRCh38_ENSG00000248243',
                                  'GRCh38_ENSG00000114850',
                                  'GRCh38_ENSG00000121892',
                                  'GRCh38_ENSG00000109255',
                                  'GRCh38_ENSG00000249297',
                                  'GRCh38_ENSG00000164105',
                                  'GRCh38_ENSG00000164287',
                                  'GRCh38_ENSG00000145794',
                                  'GRCh38_ENSG00000185689',
                                  'GRCh38_ENSG00000066379',
                                  'GRCh38_ENSG00000082293',
                                  'GRCh38_ENSG00000146247',
                                  'GRCh38_ENSG00000001036',
                                  'GRCh38_ENSG00000118508',
                                  'GRCh38_ENSG00000236324',
                                  'GRCh38_ENSG00000223855',
                                  'GRCh38_ENSG00000075624',
                                  'GRCh38_ENSG00000105991',
                                  'GRCh38_ENSG00000228627',
                                  'GRCh38_ENSG00000170027',
                                  'GRCh38_ENSG00000231764',
                                  'GRCh38_ENSG00000279168',
                                  'GRCh38_ENSG00000155660',
                                  'GRCh38_ENSG00000255046',
                                  'GRCh38_ENSG00000253944',
                                  'GRCh38_ENSG00000104763',
                                  'GRCh38_ENSG00000254092',
                                  'GRCh38_ENSG00000165392',
                                  'GRCh38_ENSG00000258256',
                                  'GRCh38_ENSG00000205133',
                                  'GRCh38_ENSG00000249917',
                                  'GRCh38_ENSG00000286266',
                                  'GRCh38_ENSG00000249859',
                                  'GRCh38_ENSG00000153317',
                                  'GRCh38_ENSG00000107249',
                                  'GRCh38_ENSG00000156052',
                                  'GRCh38_ENSG00000242616',
                                  'GRCh38_ENSG00000237073',
                                  'GRCh38_ENSG00000106952',
                                  'GRCh38_ENSG00000044574',
                                  'GRCh38_ENSG00000095787',
                                  'GRCh38_ENSG00000238280',
                                  'GRCh38_ENSG00000119938',
                                  'GRCh38_ENSG00000148773',
                                  'GRCh38_ENSG00000255108',
                                  'GRCh38_ENSG00000196565',
                                  'GRCh38_ENSG00000110321',
                                  'GRCh38_ENSG00000255197',
                                  'GRCh38_ENSG00000173156',
                                  'GRCh38_ENSG00000184384',
                                  'GRCh38_ENSG00000255062',
                                  'GRCh38_ENSG00000060237',
                                  'GRCh38_ENSG00000275367',
                                  'GRCh38_ENSG00000139547',
                                  'GRCh38_ENSG00000139292',
                                  'GRCh38_ENSG00000257878',
                                  'GRCh38_ENSG00000184445',
                                  'GRCh38_ENSG00000172458',
                                  'GRCh38_ENSG00000119686',
                                  'GRCh38_ENSG00000214548',
                                  'GRCh38_ENSG00000260814',
                                  'GRCh38_ENSG00000157483',
                                  'GRCh38_ENSG00000259347',
                                  'GRCh38_ENSG00000169371',
                                  'GRCh38_ENSG00000197696',
                                  'GRCh38_ENSG00000140612',
                                  'GRCh38_ENSG00000172183',
                                  'GRCh38_ENSG00000258785',
                                  'GRCh38_ENSG00000156886',
                                  'GRCh38_ENSG00000140807',
                                  'GRCh38_ENSG00000167377',
                                  'GRCh38_ENSG00000275734',
                                  'GRCh38_ENSG00000141505',
                                  'GRCh38_ENSG00000179477',
                                  'GRCh38_ENSG00000205212',
                                  'GRCh38_ENSG00000012048',
                                  'GRCh38_ENSG00000168517',
                                  'GRCh38_ENSG00000267278',
                                  'GRCh38_ENSG00000286765',
                                  'GRCh38_ENSG00000265008',
                                  'GRCh38_ENSG00000174898',
                                  'GRCh38_ENSG00000187650',
                                  'GRCh38_ENSG00000186994',
                                  'GRCh38_ENSG00000267489',
                                  'GRCh38_ENSG00000275395',
                                  'GRCh38_ENSG00000268746',
                                  'GRCh38_ENSG00000160336',
